321 44.4
322 45.3
323 46.2
324 47.1
325 48.0
326 48.8
327 49.7
328 50.5
329 51.3
330 52.1
331 52.9
332 53.7
333 54.4
334 55.2
335 55.9
336 56.6
337 57.4
338 58.1
339 58.7
340 59.4
341 60.1
342 60.7
343 61.4
344 62.0
345 62.6
346 63.2
347 63.8
348 64.4
349 65.0
350 65.5
351 66.1
352 66.6
353 67.1
354 67.7
355 68.2
356 68.7
357 69.1
358 69.6
359 70.1
360 70.6
361 71.0
362 71.4
363 71.9
364 72.3
365 72.7
366 73.1
367 73.5
368 73.9
369 74.3
370 74.7
371 75.0
372 75.4
373 75.7
374 76.1
375 76.4
376 76.7
377 77.0
378 77.4
379 77.7
380 78.0
381 78.3
382 78.5
383 78.8
384 79.1
385 79.3
386 79.6
387 79.9
388 80.1
389 80.4
390 80.6
391 80.8
392 81.0
393 81.3
394 81.5
395 81.7
396 81.9
397 82.1
398 82.3
399 82.5
400 82.7
401 82.9
402 83.0
403 83.2
404 83.4
405 83.6
406 83.7
407 83.9
408 84.0
409 84.2
410 84.4
411 84.5
412 84.7
413 84.8
414 84.9
415 85.1
416 85.2
417 85.4
418 85.5
419 85.6
420 85.8
421 85.9
422 86.0
423 86.1
424 86.3
425 86.4
426 86.5
427 86.6
428 86.8
429 86.9
430 87.0
431 87.1
432 87.2
433 87.3
434 87.4
435 87.6
436 87.7
437 87.8
438 87.9
439 88.0
440 88.1
441 88.2
442 88.3
443 88.4
444 88.5
445 88.6
446 88.7
447 88.8
448 88.9
449 89.0
450 89.1
451 89.2
452 89.2
453 89.3
454 89.4
455 89.5
456 89.6
457 89.7
458 89.8
459 89.9
460 89.9
461 90.0
462 90.1
463 90.2
464 90.3
465 90.3
466 90.4
467 90.5
468 90.6
469 90.6
470 90.7
471 90.8
472 90.9
473 90.9
474 91.0
475 91.1
476 91.1
477 91.2
478 91.3
479 91.3
480 91.4
481 91.5
482 91.5
483 91.6
484 91.7
485 91.7
486 91.8
487 91.8
488 91.9
489 92.0
490 92.0
491 92.1
492 92.1
493 92.2
494 92.3
495 92.3
496 92.4
497 92.4
498 92.5
499 92.5
500 92.6
501 92.6
502 92.7
503 92.7
504 92.8
505 92.8
506 92.9
507 92.9
508 93.0
509 93.1
510 93.1
511 93.2
512 93.2
513 93.2
514 93.3
515 93.3
516 93.4
517 93.4
518 93.5
519 93.5
520 93.6
521 93.6
522 93.7
523 93.7
524 93.8
525 93.8
526 93.9
527 93.9
528 94.0
529 94.0
530 94.0
531 94.1
532 94.1
533 94.2
534 94.2
535 94.3
536 94.3
537 94.4
538 94.4
539 94.4
540 94.5
541 94.5
542 94.6
543 94.6
544 94.7
545 94.7
546 94.7
547 94.8
548 94.8
549 94.9
550 94.9
551 95.0
552 95.0
553 95.0
554 95.1
555 95.1
556 95.2
557 95.2
558 95.2
559 95.3
560 95.3
561 95.3
562 95.4
563 95.4
564 95.5
565 95.5
566 95.5
567 95.6
568 95.6
569 95.6
570 95.7
571 95.7
572 95.7
573 95.8
574 95.8
575 95.9
576 95.9
577 95.9
578 96.0
579 96.0
580 96.0
581 96.1
582 96.1
583 96.1
584 96.2
585 96.2
586 96.2
587 96.2
588 96.3
589 96.3
590 96.3
591 96.4
592 96.4
593 96.4
594 96.5
595 96.5
596 96.5
597 96.5
598 96.6
599 96.6
600 96.6
601 96.6
602 96.7
603 96.7
604 96.7
605 96.8
606 96.8
607 96.8
608 96.8
609 96.9
610 96.9
611 96.9
612 96.9
613 96.9
614 97.0
615 97.0
616 97.0
617 97.0
618 97.1
619 97.1
620 97.1
621 97.1
622 97.1
623 97.2
624 97.2
625 97.2
626 97.2
627 97.2
628 97.2
629 97.3
630 97.3
631 97.3
632 97.3
633 97.3
634 97.3
635 97.4
636 97.4
637 97.4
638 97.4
639 97.4
640 97.4
641 97.4
642 97.5
643 97.5
644 97.5
645 97.5
646 97.5
647 97.5
648 97.5
649 97.5
650 97.5
651 97.6
652 97.6
653 97.6
654 97.6
655 97.6
656 97.6
657 97.6
658 97.6
659 97.6
660 97.6
661 97.6
662 97.6
663 97.6
664 97.6
665 97.6
666 97.7
667 97.7
668 97.7
669 97.7
670 97.7
671 97.7
672 97.7
673 97.7
674 97.7
675 97.7
676 97.7
677 97.7
678 97.7
679 97.7
680 97.7
681 97.7
682 97.6
683 97.6
684 97.6
685 97.6
686 97.6
687 97.6
688 97.6
689 97.6
690 97.6
691 97.6
692 97.6
693 97.6
694 97.6
695 97.6
696 97.6
697 97.5
698 97.5
699 97.5
700 97.5
701 97.5
702 97.5
703 97.5
704 97.5
705 97.4
706 97.4
707 97.4
708 97.4
709 97.4
710 97.4
711 97.4
712 97.3
713 97.3
714 97.3
715 97.3
716 97.3
717 97.2
718 97.2
719 97.2
720 97.2
721 97.2
722 97.1
723 97.1
724 97.1
725 97.1
726 97.1
727 97.0
728 97.0
729 97.0
730 97.0
731 96.9
732 96.9
733 96.9
734 96.9
735 96.8
736 96.8
737 96.8
738 96.7
739 96.7
740 96.7
741 96.7
742 96.6
743 96.6
744 96.6
745 96.5
746 96.5
747 96.5
748 96.5
749 96.4
750 96.4
751 96.4
752 96.3
753 96.3
754 96.3
755 96.2
756 96.2
757 96.2
758 96.1
759 96.1
760 96.1
761 96.0
762 96.0
763 96.0
764 95.9
765 95.9
766 95.9
767 95.8
768 95.8
769 95.8
770 95.7
771 95.7
772 95.7
773 95.6
774 95.6
775 95.5
776 95.5
777 95.5
778 95.4
779 95.4
780 95.4
781 95.3
782 95.3
783 95.2
784 95.2
785 95.2
786 95.1
787 95.1
788 95.1
789 95.0
790 95.0
791 94.9
792 94.9
793 94.9
794 94.8
795 94.8
796 94.8
797 94.7
798 94.7
799 94.6
800 94.6
801 94.6
802 94.5
803 94.5
804 94.4
805 94.4
806 94.4
807 94.3
808 94.3
809 94.2
810 94.2
811 94.2
812 94.1
813 94.1
814 94.1
815 94.0
816 94.0
817 93.9
818 93.9
819 93.9
820 93.8
821 93.8
822 93.7
823 93.7
824 93.6
825 93.6
826 93.5
827 93.5
828 93.4
829 93.4
830 93.3
831 93.3
832 93.2
833 93.2
834 93.1
835 93.1
836 93.0
837 92.9
838 92.9
839 92.8
840 92.7
841 92.7
842 92.6
843 92.5
844 92.5
845 92.4
846 92.3
847 92.2
848 92.1
849 92.0
850 91.9
851 91.8
852 91.7
853 91.6
854 91.5
855 91.4
856 91.3
857 91.2
858 91.1
859 91.0
860 90.9
861 90.7
862 90.6
863 90.5
864 90.3
865 90.2
866 90.1
867 89.9
868 89.8
869 89.6
870 89.4
871 89.3
872 89.1
873 88.9
874 88.8
875 88.6
876 88.4
877 88.2
878 88.0
879 87.8
880 87.6
881 87.4
882 87.2
883 87.0
884 86.7
885 86.5
886 86.3
887 86.0
888 85.8
889 85.5
890 85.3
891 85.0
892 84.7
893 84.5
894 84.2
895 83.9
896 83.6
897 83.3
898 83.0
899 82.7
900 82.4
901 82.1
902 81.7
903 81.4
904 81.1
905 80.7
906 80.4
907 80.0
908 79.6
909 79.3
910 78.9
911 78.5
912 78.1
913 77.7
914 77.3
915 76.9
916 76.5
917 76.0
918 75.6
919 75.2
920 74.7
921 74.3
922 73.8
923 73.4
924 72.9
925 72.4
926 71.9
927 71.5
928 71.0
929 70.5
930 70.0
931 69.5
932 69.0
933 68.5
934 67.9
935 67.4
936 66.9
937 66.4
938 65.8
939 65.3
940 64.8
941 64.2
942 63.7
943 63.1
944 62.6
945 62.0
946 61.5
947 60.9
948 60.3
949 59.8
950 59.2
951 58.6
952 58.0
953 57.5
954 56.9
955 56.3
956 55.7
957 55.1
958 54.5
959 54.0
960 53.4
961 52.8
962 52.2
963 51.6
964 51.0
965 50.4
966 49.8
967 49.2
968 48.6
969 48.0
970 47.4
971 46.8
972 46.2
973 45.6
974 45.0
975 44.4
976 43.8
977 43.2
978 42.6
979 42.0
980 41.4
981 40.8
982 40.2
983 39.6
984 39.0
985 38.5
986 37.9
987 37.3
988 36.7
989 36.1
990 35.5
991 34.9
992 34.4
993 33.8
994 33.2
995 32.6
996 32.1
997 31.5
998 30.9
999 30.4
1000 29.8
1001 29.3
1002 28.7
1003 28.2
1004 27.6
1005 27.1
1006 26.5
1007 26.0
1008 25.5
1009 24.9
1010 24.4
1011 23.9
1012 23.4
1013 22.9
1014 22.4
1015 21.9
1016 21.4
1017 20.9
1018 20.4
1019 19.9
1020 19.5
1021 19.0
1022 18.5
1023 18.1
1024 17.6
1025 17.2
1026 16.7
1027 16.3
1028 15.8
1029 15.4
1030 15.0
1031 14.6
1032 14.2
1033 13.8
1034 13.4
1035 13.0
1036 12.6
1037 12.3
1038 11.9
1039 11.5
1040 11.2
1041 10.9
1042 10.5
1043 10.2
1044 9.9
1045 9.6
1046 9.3
1047 9.0
1048 8.7
1049 8.4
