321 46.1
322 47.0
323 48.0
324 48.9
325 49.8
326 50.7
327 51.6
328 52.5
329 53.4
330 54.2
331 55.0
332 55.8
333 56.6
334 57.4
335 58.2
336 58.9
337 59.7
338 60.4
339 61.1
340 61.8
341 62.5
342 63.1
343 63.8
344 64.4
345 65.0
346 65.6
347 66.2
348 66.8
349 67.4
350 68.0
351 68.5
352 69.0
353 69.6
354 70.1
355 70.6
356 71.1
357 71.6
358 72.0
359 72.5
360 72.9
361 73.4
362 73.8
363 74.2
364 74.6
365 75.0
366 75.4
367 75.8
368 76.1
369 76.5
370 76.8
371 77.2
372 77.5
373 77.8
374 78.1
375 78.4
376 78.7
377 79.0
378 79.3
379 79.6
380 79.8
381 80.1
382 80.3
383 80.6
384 80.8
385 81.0
386 81.3
387 81.5
388 81.7
389 81.9
390 82.1
391 82.3
392 82.5
393 82.7
394 82.8
395 83.0
396 83.2
397 83.3
398 83.5
399 83.6
400 83.8
401 83.9
402 84.1
403 84.2
404 84.4
405 84.5
406 84.6
407 84.7
408 84.9
409 85.0
410 85.1
411 85.2
412 85.3
413 85.4
414 85.5
415 85.6
416 85.7
417 85.8
418 85.9
419 86.0
420 86.1
421 86.2
422 86.3
423 86.4
424 86.5
425 86.6
426 86.7
427 86.8
428 86.9
429 87.0
430 87.1
431 87.2
432 87.3
433 87.4
434 87.5
435 87.6
436 87.6
437 87.7
438 87.8
439 87.9
440 88.0
441 88.1
442 88.2
443 88.2
444 88.3
445 88.4
446 88.5
447 88.6
448 88.6
449 88.7
450 88.8
451 88.9
452 89.0
453 89.0
454 89.1
455 89.2
456 89.3
457 89.3
458 89.4
459 89.5
460 89.6
461 89.6
462 89.7
463 89.8
464 89.9
465 89.9
466 90.0
467 90.1
468 90.1
469 90.2
470 90.3
471 90.3
472 90.4
473 90.5
474 90.5
475 90.6
476 90.7
477 90.7
478 90.8
479 90.9
480 90.9
481 91.0
482 91.1
483 91.1
484 91.2
485 91.3
486 91.3
487 91.4
488 91.4
489 91.5
490 91.6
491 91.6
492 91.7
493 91.7
494 91.8
495 91.9
496 91.9
497 92.0
498 92.0
499 92.1
500 92.1
501 92.2
502 92.2
503 92.3
504 92.4
505 92.4
506 92.5
507 92.5
508 92.6
509 92.6
510 92.7
511 92.7
512 92.8
513 92.8
514 92.9
515 93.0
516 93.0
517 93.1
518 93.1
519 93.2
520 93.2
521 93.3
522 93.3
523 93.4
524 93.4
525 93.5
526 93.5
527 93.6
528 93.6
529 93.7
530 93.7
531 93.8
532 93.8
533 93.9
534 93.9
535 94.0
536 94.0
537 94.0
538 94.1
539 94.1
540 94.2
541 94.2
542 94.3
543 94.3
544 94.4
545 94.4
546 94.5
547 94.5
548 94.6
549 94.6
550 94.6
551 94.7
552 94.7
553 94.8
554 94.8
555 94.9
556 94.9
557 95.0
558 95.0
559 95.0
560 95.1
561 95.1
562 95.2
563 95.2
564 95.2
565 95.3
566 95.3
567 95.4
568 95.4
569 95.4
570 95.5
571 95.5
572 95.6
573 95.6
574 95.6
575 95.7
576 95.7
577 95.7
578 95.8
579 95.8
580 95.9
581 95.9
582 95.9
583 96.0
584 96.0
585 96.0
586 96.1
587 96.1
588 96.1
589 96.2
590 96.2
591 96.2
592 96.3
593 96.3
594 96.3
595 96.4
596 96.4
597 96.4
598 96.4
599 96.5
600 96.5
601 96.5
602 96.6
603 96.6
604 96.6
605 96.6
606 96.7
607 96.7
608 96.7
609 96.8
610 96.8
611 96.8
612 96.8
613 96.9
614 96.9
615 96.9
616 96.9
617 97.0
618 97.0
619 97.0
620 97.0
621 97.0
622 97.1
623 97.1
624 97.1
625 97.1
626 97.1
627 97.2
628 97.2
629 97.2
630 97.2
631 97.2
632 97.3
633 97.3
634 97.3
635 97.3
636 97.3
637 97.3
638 97.4
639 97.4
640 97.4
641 97.4
642 97.4
643 97.4
644 97.4
645 97.5
646 97.5
647 97.5
648 97.5
649 97.5
650 97.5
651 97.5
652 97.5
653 97.5
654 97.5
655 97.6
656 97.6
657 97.6
658 97.6
659 97.6
660 97.6
661 97.6
662 97.6
663 97.6
664 97.6
665 97.6
666 97.6
667 97.6
668 97.6
669 97.6
670 97.6
671 97.6
672 97.6
673 97.6
674 97.6
675 97.6
676 97.6
677 97.6
678 97.6
679 97.6
680 97.6
681 97.6
682 97.6
683 97.6
684 97.6
685 97.6
686 97.6
687 97.6
688 97.6
689 97.6
690 97.6
691 97.5
692 97.5
693 97.5
694 97.5
695 97.5
696 97.5
697 97.5
698 97.5
699 97.5
700 97.4
701 97.4
702 97.4
703 97.4
704 97.4
705 97.4
706 97.4
707 97.3
708 97.3
709 97.3
710 97.3
711 97.3
712 97.2
713 97.2
714 97.2
715 97.2
716 97.2
717 97.1
718 97.1
719 97.1
720 97.1
721 97.1
722 97.0
723 97.0
724 97.0
725 97.0
726 96.9
727 96.9
728 96.9
729 96.8
730 96.8
731 96.8
732 96.8
733 96.7
734 96.7
735 96.7
736 96.6
737 96.6
738 96.6
739 96.6
740 96.5
741 96.5
742 96.5
743 96.4
744 96.4
745 96.4
746 96.3
747 96.3
748 96.3
749 96.2
750 96.2
751 96.2
752 96.1
753 96.1
754 96.1
755 96.0
756 96.0
757 96.0
758 95.9
759 95.9
760 95.9
761 95.8
762 95.8
763 95.7
764 95.7
765 95.7
766 95.6
767 95.6
768 95.6
769 95.5
770 95.5
771 95.4
772 95.4
773 95.4
774 95.3
775 95.3
776 95.3
777 95.2
778 95.2
779 95.2
780 95.1
781 95.1
782 95.0
783 95.0
784 95.0
785 94.9
786 94.9
787 94.9
788 94.8
789 94.8
790 94.7
791 94.7
792 94.7
793 94.6
794 94.6
795 94.6
796 94.5
797 94.5
798 94.4
799 94.4
800 94.4
801 94.3
802 94.3
803 94.3
804 94.2
805 94.2
806 94.2
807 94.1
808 94.1
809 94.1
810 94.0
811 94.0
812 93.9
813 93.9
814 93.9
815 93.8
816 93.8
817 93.8
818 93.7
819 93.7
820 93.7
821 93.6
822 93.6
823 93.6
824 93.5
825 93.5
826 93.4
827 93.4
828 93.4
829 93.3
830 93.3
831 93.2
832 93.2
833 93.1
834 93.1
835 93.0
836 93.0
837 92.9
838 92.9
839 92.8
840 92.8
841 92.7
842 92.6
843 92.6
844 92.5
845 92.4
846 92.4
847 92.3
848 92.2
849 92.1
850 92.0
851 92.0
852 91.9
853 91.8
854 91.7
855 91.6
856 91.5
857 91.4
858 91.3
859 91.2
860 91.0
861 90.9
862 90.8
863 90.7
864 90.6
865 90.4
866 90.3
867 90.2
868 90.0
869 89.9
870 89.7
871 89.6
872 89.4
873 89.2
874 89.1
875 88.9
876 88.7
877 88.5
878 88.4
879 88.2
880 88.0
881 87.8
882 87.6
883 87.4
884 87.1
885 86.9
886 86.7
887 86.5
888 86.2
889 86.0
890 85.7
891 85.5
892 85.2
893 85.0
894 84.7
895 84.4
896 84.1
897 83.8
898 83.6
899 83.3
900 82.9
901 82.6
902 82.3
903 82.0
904 81.7
905 81.3
906 81.0
907 80.6
908 80.3
909 79.9
910 79.5
911 79.1
912 78.8
913 78.4
914 78.0
915 77.6
916 77.1
917 76.7
918 76.3
919 75.9
920 75.4
921 75.0
922 74.5
923 74.1
924 73.6
925 73.1
926 72.7
927 72.2
928 71.7
929 71.2
930 70.7
931 70.2
932 69.7
933 69.2
934 68.7
935 68.2
936 67.7
937 67.1
938 66.6
939 66.1
940 65.6
941 65.0
942 64.5
943 63.9
944 63.4
945 62.8
946 62.3
947 61.7
948 61.1
949 60.6
950 60.0
951 59.4
952 58.9
953 58.3
954 57.7
955 57.1
956 56.5
957 56.0
958 55.4
959 54.8
960 54.2
961 53.6
962 53.0
963 52.4
964 51.8
965 51.2
966 50.6
967 50.1
968 49.5
969 48.9
970 48.3
971 47.7
972 47.1
973 46.5
974 45.9
975 45.3
976 44.7
977 44.1
978 43.5
979 42.9
980 42.3
981 41.7
982 41.1
983 40.5
984 39.9
985 39.3
986 38.7
987 38.1
988 37.6
989 37.0
990 36.4
991 35.8
992 35.2
993 34.7
994 34.1
995 33.5
996 32.9
997 32.4
998 31.8
999 31.3
1000 30.7
1001 30.1
1002 29.6
1003 29.0
1004 28.5
1005 28.0
1006 27.4
1007 26.9
1008 26.3
1009 25.8
1010 25.3
1011 24.8
1012 24.3
1013 23.8
1014 23.3
1015 22.8
1016 22.3
1017 21.8
1018 21.3
1019 20.8
1020 20.3
1021 19.9
1022 19.4
1023 18.9
1024 18.5
1025 18.0
1026 17.6
1027 17.2
1028 16.7
1029 16.3
1030 15.9
1031 15.5
1032 15.1
1033 14.7
1034 14.3
1035 13.9
1036 13.5
1037 13.2
1038 12.8
1039 12.4
1040 12.1
1041 11.7
1042 11.4
1043 11.1
1044 10.8
1045 10.5
1046 10.2
1047 9.9
1048 9.6
1049 9.3
1050 9.0
1051 8.8
1052 8.5
1053 8.3
1054 8.1
1055 7.8
1056 7.6
1057 7.4
1058 7.2
1059 7.0
1060 6.9
1061 6.7
1062 6.6
1063 6.4
1064 6.3
1065 6.1
1066 6.0
1067 5.9
1068 5.8
1069 5.8
1070 5.7
1071 5.6
1072 5.6
1073 5.5
1074 5.5
