321 47.4
322 47.7
323 48.0
324 48.4
325 48.7
326 49.1
327 49.5
328 49.9
329 50.3
330 50.8
331 51.2
332 51.7
333 52.2
334 52.7
335 53.2
336 53.7
337 54.2
338 54.7
339 55.3
340 55.8
341 56.4
342 56.9
343 57.5
344 58.0
345 58.6
346 59.2
347 59.8
348 60.3
349 60.9
350 61.5
351 62.1
352 62.6
353 63.2
354 63.8
355 64.4
356 64.9
357 65.5
358 66.1
359 66.6
360 67.2
361 67.7
362 68.3
363 68.8
364 69.3
365 69.9
366 70.4
367 70.9
368 71.4
369 71.8
370 72.3
371 72.8
372 73.2
373 73.7
374 74.1
375 74.5
376 74.9
377 75.3
378 75.7
379 76.1
380 76.4
381 76.8
382 77.1
383 77.4
384 77.8
385 78.1
386 78.4
387 78.7
388 79.0
389 79.2
390 79.5
391 79.8
392 80.0
393 80.3
394 80.5
395 80.8
396 81.0
397 81.2
398 81.4
399 81.6
400 81.8
401 82.0
402 82.2
403 82.3
404 82.5
405 82.7
406 82.8
407 83.0
408 83.1
409 83.3
410 83.4
411 83.6
412 83.7
413 83.8
414 83.9
415 84.0
416 84.2
417 84.3
418 84.4
419 84.5
420 84.6
421 84.6
422 84.7
423 84.8
424 84.9
425 85.0
426 85.1
427 85.1
428 85.2
429 85.3
430 85.3
431 85.4
432 85.5
433 85.5
434 85.6
435 85.6
436 85.7
437 85.7
438 85.8
439 85.8
440 85.8
441 85.9
442 85.9
443 86.0
444 86.0
445 86.0
446 86.0
447 86.1
448 86.1
449 86.1
450 86.1
451 86.1
452 86.2
453 86.2
454 86.2
455 86.2
456 86.2
457 86.2
458 86.2
459 86.2
460 86.2
461 86.2
462 86.2
463 86.2
464 86.2
465 86.2
466 86.2
467 86.2
468 86.2
469 86.2
470 86.1
471 86.1
472 86.1
473 86.1
474 86.1
475 86.1
476 86.1
477 86.0
478 86.0
479 86.0
480 86.0
481 86.0
482 85.9
483 85.9
484 85.9
485 85.9
486 85.9
487 85.8
488 85.8
489 85.8
490 85.8
491 85.8
492 85.7
493 85.7
494 85.7
495 85.7
496 85.6
497 85.6
498 85.6
499 85.6
500 85.6
501 85.5
502 85.5
503 85.5
504 85.5
505 85.5
506 85.4
507 85.4
508 85.4
509 85.4
510 85.4
511 85.4
512 85.3
513 85.3
514 85.3
515 85.3
516 85.3
517 85.3
518 85.3
519 85.3
520 85.3
521 85.3
522 85.3
523 85.3
524 85.3
525 85.3
526 85.3
527 85.3
528 85.3
529 85.3
530 85.3
531 85.3
532 85.3
533 85.3
534 85.3
535 85.4
536 85.4
537 85.4
538 85.4
539 85.4
540 85.4
541 85.5
542 85.5
543 85.5
544 85.5
545 85.5
546 85.6
547 85.6
548 85.6
549 85.7
550 85.7
551 85.7
552 85.7
553 85.8
554 85.8
555 85.8
556 85.9
557 85.9
558 85.9
559 86.0
560 86.0
561 86.1
562 86.1
563 86.1
564 86.2
565 86.2
566 86.3
567 86.3
568 86.3
569 86.4
570 86.4
571 86.5
572 86.5
573 86.6
574 86.6
575 86.7
576 86.7
577 86.8
578 86.8
579 86.9
580 86.9
581 87.0
582 87.0
583 87.1
584 87.1
585 87.2
586 87.2
587 87.3
588 87.3
589 87.4
590 87.4
591 87.5
592 87.6
593 87.6
594 87.7
595 87.7
596 87.8
597 87.9
598 87.9
599 88.0
600 88.0
601 88.1
602 88.2
603 88.2
604 88.3
605 88.3
606 88.4
607 88.5
608 88.5
609 88.6
610 88.6
611 88.7
612 88.8
613 88.8
614 88.9
615 89.0
616 89.0
617 89.1
618 89.2
619 89.2
620 89.3
621 89.3
622 89.4
623 89.5
624 89.5
625 89.6
626 89.7
627 89.7
628 89.8
629 89.9
630 89.9
631 90.0
632 90.0
633 90.1
634 90.2
635 90.2
636 90.3
637 90.4
638 90.4
639 90.5
640 90.6
641 90.6
642 90.7
643 90.7
644 90.8
645 90.9
646 90.9
647 91.0
648 91.1
649 91.1
650 91.2
651 91.2
652 91.3
653 91.4
654 91.4
655 91.5
656 91.5
657 91.6
658 91.7
659 91.7
660 91.8
661 91.8
662 91.9
663 91.9
664 92.0
665 92.0
666 92.1
667 92.2
668 92.2
669 92.3
670 92.3
671 92.4
672 92.4
673 92.5
674 92.5
675 92.6
676 92.6
677 92.7
678 92.7
679 92.8
680 92.8
681 92.9
682 92.9
683 93.0
684 93.0
685 93.0
686 93.1
687 93.1
688 93.2
689 93.2
690 93.2
691 93.3
692 93.3
693 93.4
694 93.4
695 93.4
696 93.5
697 93.5
698 93.5
699 93.6
700 93.6
701 93.6
702 93.7
703 93.7
704 93.7
705 93.7
706 93.8
707 93.8
708 93.8
709 93.8
710 93.9
711 93.9
712 93.9
713 93.9
714 93.9
715 94.0
716 94.0
717 94.0
718 94.0
719 94.0
720 94.0
721 94.1
722 94.1
723 94.1
724 94.1
725 94.1
726 94.1
727 94.1
728 94.1
729 94.1
730 94.1
731 94.1
732 94.1
733 94.1
734 94.1
735 94.1
736 94.1
737 94.1
738 94.1
739 94.1
740 94.1
741 94.1
742 94.1
743 94.1
744 94.1
745 94.1
746 94.1
747 94.1
748 94.1
749 94.1
750 94.1
751 94.1
752 94.1
753 94.1
754 94.1
755 94.0
756 94.0
757 94.0
758 94.0
759 94.0
760 94.0
761 94.0
762 94.0
763 94.0
764 94.0
765 93.9
766 93.9
767 93.9
768 93.9
769 93.9
770 93.9
771 93.9
772 93.9
773 93.8
774 93.8
775 93.8
776 93.8
777 93.8
778 93.8
779 93.8
780 93.8
781 93.7
782 93.7
783 93.7
784 93.7
785 93.7
786 93.7
787 93.7
788 93.7
789 93.6
790 93.6
791 93.6
792 93.6
793 93.6
794 93.6
795 93.6
796 93.6
797 93.6
798 93.5
799 93.5
800 93.5
801 93.5
802 93.5
803 93.5
804 93.5
805 93.5
806 93.5
807 93.5
808 93.5
809 93.5
810 93.4
811 93.4
812 93.4
813 93.4
814 93.4
815 93.4
816 93.4
817 93.4
818 93.4
819 93.4
820 93.4
821 93.4
822 93.4
823 93.4
824 93.4
825 93.4
826 93.4
827 93.4
828 93.4
829 93.3
830 93.3
831 93.3
832 93.3
833 93.3
834 93.3
835 93.3
836 93.2
837 93.2
838 93.2
839 93.2
840 93.1
841 93.1
842 93.1
843 93.0
844 93.0
845 93.0
846 92.9
847 92.9
848 92.9
849 92.8
850 92.8
851 92.7
852 92.6
853 92.6
854 92.5
855 92.5
856 92.4
857 92.3
858 92.3
859 92.2
860 92.1
861 92.0
862 91.9
863 91.8
864 91.7
865 91.6
866 91.5
867 91.4
868 91.3
869 91.2
870 91.1
871 91.0
872 90.8
873 90.7
874 90.6
875 90.4
876 90.3
877 90.1
878 90.0
879 89.8
880 89.6
881 89.5
882 89.3
883 89.1
884 88.9
885 88.7
886 88.5
887 88.3
888 88.1
889 87.9
890 87.7
891 87.4
892 87.2
893 87.0
894 86.7
895 86.5
896 86.2
897 85.9
898 85.7
899 85.4
900 85.1
901 84.8
902 84.5
903 84.2
904 83.9
905 83.6
906 83.2
907 82.9
908 82.6
909 82.2
910 81.8
911 81.5
912 81.1
913 80.7
914 80.3
915 79.9
916 79.5
917 79.1
918 78.7
919 78.3
920 77.9
921 77.4
922 77.0
923 76.6
924 76.1
925 75.6
926 75.2
927 74.7
928 74.2
929 73.7
930 73.3
931 72.8
932 72.3
933 71.8
934 71.3
935 70.7
936 70.2
937 69.7
938 69.2
939 68.7
940 68.1
941 67.6
942 67.0
943 66.5
944 65.9
945 65.4
946 64.8
947 64.3
948 63.7
949 63.1
950 62.6
951 62.0
952 61.4
953 60.8
954 60.3
955 59.7
956 59.1
957 58.5
958 57.9
959 57.3
960 56.7
961 56.1
962 55.5
963 54.9
964 54.3
965 53.7
966 53.1
967 52.5
968 51.9
969 51.3
970 50.7
971 50.1
972 49.5
973 48.9
974 48.3
975 47.7
976 47.0
977 46.4
978 45.8
979 45.2
980 44.6
981 44.0
982 43.4
983 42.8
984 42.2
985 41.6
986 41.0
987 40.4
988 39.8
989 39.2
990 38.6
991 38.0
992 37.4
993 36.8
994 36.2
995 35.6
996 35.0
997 34.4
998 33.9
999 33.3
1000 32.7
1001 32.1
1002 31.6
1003 31.0
1004 30.4
1005 29.9
1006 29.3
1007 28.8
1008 28.2
1009 27.7
1010 27.1
1011 26.6
1012 26.1
1013 25.5
1014 25.0
1015 24.5
1016 24.0
1017 23.5
1018 23.0
1019 22.5
1020 22.0
1021 21.5
1022 21.0
1023 20.5
1024 20.0
1025 19.6
1026 19.1
1027 18.6
1028 18.2
1029 17.8
1030 17.3
1031 16.9
1032 16.5
1033 16.0
1034 15.6
1035 15.2
1036 14.8
1037 14.4
1038 14.0
1039 13.7
1040 13.3
1041 12.9
1042 12.6
1043 12.2
1044 11.9
1045 11.6
1046 11.2
1047 10.9
1048 10.6
1049 10.3
1050 10.0
1051 9.7
1052 9.5
1053 9.2
1054 9.0
1055 8.7
1056 8.5
1057 8.2
1058 8.0
1059 7.8
1060 7.6
1061 7.4
1062 7.3
1063 7.1
1064 6.9
1065 6.8
1066 6.7
1067 6.5
1068 6.4
1069 6.3
1070 6.2
1071 6.1
1072 6.1
1073 6.0
1074 5.9
